Comparacao de Acuracia:
    knn: 0.9865470852017937
    svc: 0.9883408071748879
    dtc: 0.9659192825112107

Comparacao de Macro F1:
    knn: 0.9700075855254545
    svc: 0.9740065741220607
    dtc: 0.9255601000730871

=================================================